timeStamp,elapsed,label,responseCode,responseMessage,threadName,dataType,success,failureMessage,bytes,sentBytes,grpThreads,allThreads,URL,Latency,IdleTime,Connect
1717830153764,345,Admin login,200,OK,Thread Group 1-1,text,true,,617,311,1,1,https://dmoney.roadtocareer.net/user/login,339,0,304
1717830154168,34,Admin create agent,201,Created,Thread Group 1-1,text,true,,611,621,1,1,https://dmoney.roadtocareer.net/user/create,34,0,0
1717830154203,42,Admin create customer,201,Created,Thread Group 1-1,text,true,,607,617,1,1,https://dmoney.roadtocareer.net/user/create,42,0,0
1717830154246,51,Deposite to agent,201,Created,Thread Group 1-1,text,true,,444,535,1,1,https://dmoney.roadtocareer.net/transaction/deposit,51,0,0
1717830154298,21,Agent login,200,OK,Thread Group 1-1,text,true,,618,508,1,1,https://dmoney.roadtocareer.net/user/login,21,0,0
1717830154320,57,Agent deposite to customer,201,Created,Thread Group 1-1,text,true,,437,540,1,1,https://dmoney.roadtocareer.net/transaction/deposit,57,0,0
1717830154378,22,Customer login,200,OK,Thread Group 1-1,text,true,,617,507,1,1,https://dmoney.roadtocareer.net/user/login,22,0,0
1717830154401,15,Customer check balance,200,OK,Thread Group 1-1,text,true,,377,440,1,1,https://dmoney.roadtocareer.net/transaction/balance/01788122160,15,0,0
1717830154417,39,Withdraw from custome,201,Created,Thread Group 1-1,text,true,,429,540,1,1,https://dmoney.roadtocareer.net/transaction/withdraw,39,0,0
1717830154457,33,Payment to Merchant,201,Created,Thread Group 1-1,text,true,,428,539,1,1,https://dmoney.roadtocareer.net/transaction/payment,33,0,0
